cheti_names = {'HS18', 'HS19', 'HS21', 'HS23', 'HS30', 'HS31', 'HS34', 'HS36', 'HS37', 'HS59', 'HS65', 'HS66', 'HS67', 'HS70', 'HS72', 'HS83', 'HS84', 'HS85', 'HS95', 'HS96', 'HS97', 'HS98', 'HS101','HS102','HS103','HS104','HS105','HS106','HS116','HS118'};
sampaio_names = {'HS10', 'HS11', 'HS12', 'HS13', 'HS15', 'HS16', 'HS17', 'HS18', 'HS19', 'HS20', 'HS21', 'HS22', 'HS23', 'HS24', 'HS29', 'HS30', 'HS31', 'HS33', 'HS34', 'HS35', 'HS36', 'HS37', 'HS43', 'HS44', 'HS64', 'HS65', 'HS66', 'HS76', 'HS93', 'HS106', 'HS108', 'HS113'};

sampaio_evals = ...
    [34	34	32	25
    26	26	26	18
    64	59	64	47
    36	47	32	48
    40	39	28	99
    13	13	9	9
    34	32	51	70
    15	77	15	95
    17	21	17	23
    17	17	12	15
    14	19	61	33
    34	28	19	16
    36	36	43	16
    14	14	18	21
    59	68	77	77
    14	16	34	46
    63	67	63	40
    17	21	40	40
    38	38	36	40
    84	101	82	71
    18	27	20	20
    76	87	66	117
    79	94	77	36
    54	60	33	33
    160	153	174	274
    120	110	111	120
    60	45	97	126
    45	50	34	39
    302	313	240	284
    NaN	NaN	NaN	985
    146	176	200	201
    225	342	323	257]
